1 2 0	12.6557412147522	"R"
1 2 0.000131201928225438	0.378271818161011	"R"
1 2 0	8.57618594169617	"R"
1 2 7.53410274360942e-05	0.309661149978638	"R"
1 2 0	8.48005199432373	"R"
1 2 6.70592106779272e-06	0.243440866470337	"R"
1 2 0	8.60060000419617	"R"
1 2 0.00840336924861455	0.260283946990967	"R"
1 2 0	9.01648187637329	"R"
1 2 7.32691218649115e-05	0.235676050186157	"R"
1 2 0	9.63315987586975	"R"
1 2 1.44467458960281e-06	0.268739223480225	"R"
1 2 0	8.72718691825867	"R"
1 2 3.36412560550545e-06	0.223350048065186	"R"
1 2 0	10.9285428524017	"R"
1 2 0.000244334624369176	0.225461959838867	"R"
1 2 0	13.5577578544617	"R"
1 2 3.36412560550545e-06	0.228240013122559	"R"
1 2 0	11.4135370254517	"R"
1 2 1.7067591541899e-06	0.231787919998169	"R"
1 2 0	10.9010648727417	"R"
1 2 0.00120144905718893	0.239272117614746	"R"
1 2 0	9.56823492050171	"R"
1 2 1.86702474125694e-05	0.302483081817627	"R"
1 2 0	9.74123191833496	"R"
1 2 3.90479931475844e-10	0.246258020401001	"R"
1 2 0	10.2302341461182	"R"
1 2 7.43098372341413e-07	0.304857015609741	"R"
1 2 0	14.1043570041656	"R"
1 2 1.68503817123926e-05	1.74086093902588	"R"
1 2 0	12.7985129356384	"R"
1 2 0.000173107646436013	0.222822904586792	"R"
1 2 0	16.8900339603424	"R"
1 2 1.18534219880584e-05	0.270660877227783	"R"
1 2 0	14.9759838581085	"R"
1 2 3.09290233951136e-05	0.216691017150879	"R"
1 2 0	14.6866128444672	"R"
1 2 0.00860560838171836	0.265763998031616	"R"
1 2 0	17.6727721691132	"R"
1 2 8.79624372868613e-07	0.292083024978638	"R"
1 2 0	13.3997621536255	"R"
1 2 2.55708338217607e-07	0.255836963653564	"R"
1 2 0	11.3065900802612	"R"
1 2 0.000696468955461614	0.258131980895996	"R"
1 2 0	8.72856116294861	"R"
1 2 1.9115918420724e-06	0.241626977920532	"R"
1 2 0	13.7253789901733	"R"
1 2 5.29847202801102e-06	0.233981132507324	"R"
1 2 0	8.3617479801178	"R"
1 2 0.000166627046759908	0.241672992706299	"R"
1 2 0	12.9792268276215	"R"
1 2 1.16832437294897e-06	0.236328125	"R"
1 2 0	13.694020986557	"R"
1 2 0.00259211170686951	0.230000972747803	"R"
1 2 0	13.2886030673981	"R"
1 2 0.000295127067487382	0.24379301071167	"R"
1 2 0	15.6616699695587	"R"
1 2 0.00117686591062474	0.384074926376343	"R"
1 2 0	22.7013199329376	"R"
1 2 3.55450911596451e-06	0.256107807159424	"R"
1 2 0	9.62787199020386	"R"
1 2 0.00903502485612561	0.229935169219971	"R"
1 2 0	11.7274658679962	"R"
1 2 1.00409173115639e-06	0.28761887550354	"R"
1 2 0	10.7755968570709	"R"
1 2 0.00177873388177841	0.236199855804443	"R"
1 2 0	13.9155600070953	"R"
1 2 1.03628373263995e-06	0.227301120758057	"R"
1 2 0	13.6958980560303	"R"
1 2 3.45235473621403e-05	0.22063684463501	"R"
1 2 0	9.02911591529846	"R"
1 2 4.19022712283216e-05	0.259736061096191	"R"
1 2 0	15.8175780773163	"R"
1 2 5.29847202801102e-06	0.301452875137329	"R"
1 2 0	10.0519711971283	"R"
1 2 5.29847202801102e-06	0.23530101776123	"R"
1 2 0	14.433690071106	"R"
1 2 7.53410274360942e-05	0.240061044692993	"R"
1 2 0	9.19285106658936	"R"
1 2 0.000406952017444959	0.221703052520752	"R"
1 2 0	15.7968099117279	"R"
1 2 6.3196946884384e-05	0.325226068496704	"R"
1 2 0	9.12690591812134	"R"
1 2 0.000376538982086482	0.3576340675354	"R"
1 2 0	14.8484530448914	"R"
1 2 8.12753658174163e-06	0.233357906341553	"R"
1 2 0	14.3402419090271	"R"
1 2 1.32068685736734e-05	0.2376708984375	"R"
1 2 0	13.9329929351807	"R"
1 2 9.30503358145239e-05	0.257848978042603	"R"
1 2 0	13.8297429084778	"R"
1 2 0.000232274653833958	0.232304096221924	"R"
1 2 0	14.1779170036316	"R"
1 2 6.24678605845656e-06	0.230654001235962	"R"
1 2 0	8.76652002334595	"R"
1 2 9.51686990605349e-08	0.249248027801514	"R"
1 2 0	8.99159097671509	"R"
1 2 0.00177873388177841	0.231990098953247	"R"
1 2 0	13.7566430568695	"R"
1 2 2.80927825096728e-05	0.284485816955566	"R"
1 2 0	13.9544219970703	"R"
1 2 0.00467773498104727	0.241940021514893	"R"
1 2 0	14.082004070282	"R"
1 2 1.51907186168351e-05	0.251137971878052	"R"
1 2 0	8.84358406066895	"R"
1 2 4.0768439181141e-05	0.228949069976807	"R"
1 2 0	14.2954089641571	"R"
1 2 0.000703030039449105	0.265201091766357	"R"
1 2 0	13.8399019241333	"R"
1 2 2.34220717090976e-07	0.245496988296509	"R"
1 2 0	13.3273599147797	"R"
1 2 1.32068685736734e-05	0.24384593963623	"R"
1 2 0	13.8235490322113	"R"
1 2 2.80927825096728e-05	0.229897975921631	"R"
1 2 0	9.10651278495789	"R"
1 2 0.000406480802789466	0.241514921188354	"R"
1 2 0	13.6800208091736	"R"
1 2 8.79624372868613e-07	0.238409042358398	"R"
1 2 0	13.0302209854126	"R"
1 2 9.0347337026151e-06	0.255815029144287	"R"
1 2 0	15.8974480628967	"R"
1 2 4.49062869961479e-07	0.24250602722168	"R"
1 2 0	14.4055359363556	"R"
1 2 2.25399115962982e-06	0.305897951126099	"R"
1 2 0	8.79072308540344	"R"
1 2 3.72449789118665e-08	0.243334054946899	"R"
1 2 0	13.6215951442719	"R"
1 2 0.0133283287808176	0.25553297996521	"R"
1 2 0	13.5385110378265	"R"
1 2 8.76293231034057e-10	0.237231969833374	"R"
1 2 0	13.3957271575928	"R"
1 2 1.13727256569797e-07	0.236377954483032	"R"
1 2 0	8.82318115234375	"R"
1 2 0.00202823114845208	0.240641117095947	"R"
1 2 0	13.7980751991272	"R"
1 2 6.99466943734992e-06	0.266347885131836	"R"
1 2 0	13.2036039829254	"R"
1 2 1.7067591541899e-06	0.231764078140259	"R"
1 2 0	14.0476648807526	"R"
1 2 4.04572336457129e-05	0.234350204467773	"R"
1 2 0	9.0002748966217	"R"
1 2 1.68503817123926e-05	0.235671997070312	"R"
1 2 0	13.8310530185699	"R"
1 2 2.55708338217607e-07	0.239686965942383	"R"
1 2 0	13.8268620967865	"R"
1 2 5.61139888557494e-05	0.234876155853271	"R"
1 2 0	8.76719212532043	"R"
1 2 7.32691218649115e-05	0.237183094024658	"R"
1 2 0	13.4629528522491	"R"
1 2 2.78057183529857e-06	0.245733976364136	"R"
1 2 0	13.949963092804	"R"
1 2 9.99594813246628e-06	0.269957065582275	"R"
1 2 0	13.412397146225	"R"
1 2 6.36986119849457e-06	0.238719940185547	"R"
1 2 0	13.335746049881	"R"
1 2 6.36986119849457e-06	0.236396074295044	"R"
1 2 0	13.8849279880524	"R"
1 2 7.58118446397998e-08	0.254552125930786	"R"
1 2 0	13.6870260238647	"R"
1 2 5.99197915610236e-07	0.234937906265259	"R"
1 2 0	13.3431441783905	"R"
1 2 3.28060354501663e-06	0.231005191802979	"R"
1 2 0	13.8566761016846	"R"
1 2 1.51907186168351e-05	0.280308961868286	"R"
1 2 0	13.1296200752258	"R"
1 2 2.54214992306638e-06	0.22074818611145	"R"
1 2 0	14.3403210639954	"R"
1 2 3.09290233951136e-05	0.239821910858154	"R"
1 2 0	13.4304230213165	"R"
1 2 3.5789457409617e-09	0.244907140731812	"R"
1 2 0	14.0834040641785	"R"
1 2 1.51907186168351e-05	0.240694999694824	"R"
1 2 0	13.5752899646759	"R"
1 2 0.0238877498152535	0.238919973373413	"R"
1 2 0	13.8953800201416	"R"
1 2 0.065691133644194	0.239967107772827	"W"
1 2 0	13.8198552131653	"R"
1 2 0.000133827497432106	0.225654125213623	"R"
1 2 0	13.7745609283447	"R"
1 2 9.86321864177269e-07	0.235993146896362	"R"
1 2 0	14.5264239311218	"R"
1 2 1.16995028067376e-07	0.235016107559204	"R"
1 2 0	13.2659430503845	"R"
1 2 1.62963973821549e-08	0.244354009628296	"R"
1 2 0	17.8937120437622	"R"
1 2 1.25006472821616e-05	0.261311054229736	"R"
1 2 0	12.976912021637	"R"
1 2 6.24678605845656e-06	0.236695051193237	"R"
1 2 0	9.3476231098175	"R"
1 2 6.3196946884384e-05	0.254906892776489	"R"
1 2 0	15.5921740531921	"R"
1 2 0.000312248534289862	0.233504056930542	"R"
1 2 0	18.7582640647888	"R"
1 2 4.30277946367513e-06	0.233994960784912	"R"
1 2 0	13.6158502101898	"R"
1 2 0.00903502485612561	0.254269123077393	"R"
1 2 0	10.7451539039612	"R"
1 2 0.000923188743869677	0.239876985549927	"R"
1 2 0	10.0870628356934	"R"
1 2 9.51686990605349e-08	0.251204967498779	"R"
